-273  263  -15682 
-208  191  -15594 
-26  223  -15455 
-160  232  -15324 
-174  268  -15576 
-145  270  -15704 
-62  204  -15684 
-148  291  -15748 
-94  207  -15727 
-54  287  -15685 
-96  283  -15594 
-186  316  -15715 
-31  277  -15793 
-129  164  -15702 
-231  268  -15628 
-116  298  -15695 
25  332  -15645 
-251  200  -15715 
-134  184  -15637 
34  324  -15565 
-91  303  -15766 
-164  224  -15662 
-163  294  -15761 
33  303  -15638 
-71  278  -15573 
-135  158  -15749 
-114  303  -15758 
-27  232  -15825 
-192  322  -15672 
1  304  -15747 
-44  227  -15681 
-126  317  -15659 
-48  253  -15541 
-98  236  -15733 
-89  312  -15777 
-138  271  -15626 
-10  278  -15577 
-183  223  -15833 
-64  207  -15875 
-203  287  -15731 
-154  282  -15777 
-108  267  -15317 
-56  244  -15359 
-54  216  -15442 
-120  183  -15727 
35  350  -15753 
-300  272  -15780 
-108  251  -15777 
-167  311  -15605 
-216  244  -15693 
